# toml that has some date time string

start = 1
end = 6

# offset date time

odt1 = 1975-06-17T12:30:00Z

# date --rfc-3339=seconds
odt2 = 1975-06-17T12:30:00+08:00

# date --rfc-3339=ns
odt3 = 1975-06-17T12:30:00.999999+08:00
odt4 = 2023-05-02 17:26:25.943043005+08:00

odt5 = 1975-06-17 05:30:00+08:00
odt6 = 1976-11-08 17:29:00+08:00

# local date time

from = 1
to = 6

ldt1 = 1989-06-04T20:00:00
ldt2 = 1997-07-01T19:30:00
ldt3 = 1985-11-30 12:00:00

ldt4 = 1979-05-27
ldt5 = 07:32:00
ldt6 = 18:27:30
